1	0	101915	0
1	0	139134	2
1	0	139521	0
1	0	142784	0
1	0	148319	0
1	0	149106	0
1	0	149134	0
1	0	149165	0
1	0	154694	0
1	0	156339	0
1	0	179073	1
1	0	263489	1
1	0	267163	1
1	0	267176	1
1	0	291596	1
1	0	327726	0
1	0	329124	0
1	0	333365	0
1	0	348301	1
1	0	349763	1
1	0	391004	0
1	0	40340	0
1	0	435774	1
1	0	470241	1
1	0	471037	0
1	0	473500	0
1	0	473975	1
1	0	475032	0
1	0	475041	0
1	0	480017	0
1	0	483544	1
1	0	488963	0
1	0	504957	1
1	0	505713	1
1	0	559409	1
1	0	573940	1
1	0	584810	1
1	0	587589	0
1	0	652369	1
1	0	694850	1
10	0	124351	0
10	0	16899	0
10	0	215199	0
10	0	229604	0
10	0	239139	0
10	0	239929	0
10	0	258781	0
10	0	263986	0
10	0	292067	0
10	0	293390	0
10	0	295476	0
10	0	297285	0
10	0	308456	0
10	0	320748	0
10	0	32380	0
10	0	324198	0
10	0	33077	0
10	0	38314	0
10	0	388315	0
10	0	398131	0
10	0	432055	0
10	0	446240	0
10	0	468679	0
10	0	471906	0
10	0	475034	0
10	0	475686	0
10	0	501796	0
10	0	511001	0
10	0	522173	0
10	0	557190	0
10	0	604188	0
10	0	642524	0
10	0	660011	0
10	0	682053	0
10	0	684917	0
10	0	709300	0
10	0	709665	0
10	0	711846	0
10	0	753076	0
10	0	90773	0
11	0	101441	0
11	0	105944	0
11	0	124351	0
11	0	128280	0
11	0	138367	0
11	0	18322	0
11	0	21227	0
11	0	229604	0
11	0	237981	0
11	0	258781	0
11	0	268696	0
11	0	280907	0
11	0	288080	0
11	0	297194	0
11	0	297285	0
11	0	301370	0
11	0	30202	0
11	0	320748	0
11	0	323713	0
11	0	329403	0
11	0	355936	0
11	0	363636	0
11	0	368570	0
11	0	379859	0
11	0	387931	0
11	0	402074	0
11	0	425005	0
11	0	43115	0
11	0	453755	0
11	0	494226	0
11	0	525777	0
11	0	58289	0
11	0	582986	0
11	0	596606	0
11	0	63893	0
11	0	688701	0
11	0	704044	0
11	0	716043	0
11	0	82378	0
11	0	9408	0
12	0	151546	0
12	0	154773	0
12	0	202721	0
12	0	2399	0
12	0	243960	1
12	0	275980	2
12	0	283902	0
12	0	327742	0
12	0	331267	0
12	0	347612	0
12	0	358145	1
12	0	359509	1
12	0	363601	1
12	0	415501	0
12	0	428799	1
12	0	447710	0
12	0	458923	2
12	0	462087	1
12	0	479992	0
12	0	480464	0
12	0	490541	1
12	0	498579	1
12	0	58275	0
12	0	587949	0
12	0	592114	1
12	0	619776	2
12	0	665027	0
12	0	78341	1
12	0	8368	2
12	0	85404	0
13	0	1115	0
13	0	1138	2
13	0	125849	0
13	0	128273	0
13	0	140787	0
13	0	145892	0
13	0	201439	0
13	0	20727	0
13	0	230998	1
13	0	2397	0
13	0	2450	2
13	0	257547	0
13	0	264742	0
13	0	268047	0
13	0	287007	0
13	0	300631	0
13	0	334764	0
13	0	338231	0
13	0	343121	0
13	0	343404	1
13	0	353148	0
13	0	441428	0
13	0	502187	0
13	0	523851	0
13	0	555767	0
13	0	563008	0
13	0	590165	0
13	0	603415	0
13	0	616198	0
13	0	6221	2
13	0	6224	0
13	0	644116	0
13	0	648976	0
13	0	663243	0
13	0	74267	0
13	0	751353	0
13	0	772329	0
13	0	787791	0
14	0	1390	0
14	0	145180	0
14	0	14566	0
14	0	148774	0
14	0	175848	0
14	0	178308	0
14	0	20278	0
14	0	247163	0
14	0	309724	0
14	0	330512	0
14	0	351112	1
14	0	365722	1
14	0	365846	0
14	0	40367	0
14	0	415507	0
14	0	429352	0
14	0	462227	0
14	0	472480	0
14	0	474023	0
14	0	47989	0
14	0	485575	1
14	0	492464	0
14	0	492993	0
14	0	510158	0
14	0	510510	1
14	0	536845	1
14	0	577165	0
14	0	577340	0
14	0	585976	0
14	0	60769	0
14	0	650281	0
14	0	657710	1
14	0	681918	0
14	0	6871	0
14	0	696538	0
14	0	697897	0
14	0	702103	0
14	0	71061	0
14	0	711108	1
14	0	78346	0
15	0	122217	0
15	0	143165	2
15	0	153112	0
15	0	155856	0
15	0	172697	0
15	0	17857	0
15	0	213409	0
15	0	233531	2
15	0	270223	0
15	0	299950	2
15	0	305587	0
15	0	330040	2
15	0	339179	0
15	0	343417	0
15	0	344742	2
15	0	344746	2
15	0	359489	0
15	0	360886	0
15	0	360918	2
15	0	360919	2
15	0	407767	0
15	0	416080	2
15	0	416955	0
15	0	420421	2
15	0	420428	2
15	0	448443	0
15	0	46363	0
15	0	501356	0
15	0	556940	0
15	0	572378	0
15	0	577144	0
15	0	583177	0
15	0	583802	0
15	0	591938	0
15	0	640989	0
15	0	670724	0
15	0	677442	0
15	0	684291	0
15	0	711098	2
15	0	747699	0
16	0	118916	0
16	0	121836	0
16	0	214940	0
16	0	225370	0
16	0	229335	0
16	0	246164	0
16	0	255173	0
16	0	272004	0
16	0	294242	0
16	0	295265	0
16	0	301267	0
16	0	333390	0
16	0	353312	0
16	0	402719	0
16	0	415296	0
16	0	415442	0
16	0	447825	0
16	0	465549	0
16	0	484809	0
16	0	572860	0
16	0	574220	0
16	0	581501	0
16	0	586890	0
16	0	592066	0
16	0	593310	0
16	0	604841	0
16	0	614068	0
16	0	622035	0
16	0	622653	0
16	0	632504	0
16	0	641282	0
16	0	674611	0
16	0	727415	0
16	0	732775	0
16	0	746354	0
16	0	75417	0
16	0	774252	0
16	0	776537	0
16	0	780114	0
16	0	788375	0
17	0	103996	2
17	0	121744	0
17	0	129506	0
17	0	130566	0
17	0	159505	0
17	0	162744	0
17	0	306725	0
17	0	307805	2
17	0	320401	2
17	0	321065	0
17	0	331636	2
17	0	333868	0
17	0	344901	2
17	0	351873	2
17	0	353847	0
17	0	362317	0
17	0	364979	0
17	0	390927	0
17	0	432523	0
17	0	454728	0
17	0	471524	0
17	0	500266	2
17	0	545432	2
17	0	595904	2
17	0	621076	2
17	0	647685	0
17	0	662432	2
17	0	673054	0
17	0	674107	2
17	0	687899	0
17	0	692413	2
17	0	720121	0
17	0	721625	2
17	0	751589	2
17	0	761972	2
17	0	776553	2
17	0	778659	2
17	0	782465	2
17	0	785526	2
17	0	91336	0
18	0	115859	1
18	0	120608	0
18	0	139920	1
18	0	154763	0
18	0	233582	1
18	0	266311	0
18	0	277421	1
18	0	300592	0
18	0	306725	0
18	0	333356	0
18	0	379071	1
18	0	416154	1
18	0	465143	0
18	0	481227	0
18	0	531979	0
18	0	535001	0
18	0	53857	0
18	0	53871	0
18	0	572378	0
18	0	593796	0
18	0	59841	1
18	0	65089	0
18	0	67414	0
18	0	67431	0
18	0	682912	2
18	0	68292	0
18	0	69025	0
18	0	700092	0
18	0	703055	1
18	0	709516	1
18	0	736528	0
19	0	106302	0
19	0	116590	0
19	0	125406	0
19	0	125843	0
19	0	126686	0
19	0	129810	0
19	0	132276	0
19	0	142995	0
19	0	181425	0
19	0	192271	0
19	0	201831	0
19	0	203048	0
19	0	205852	0
19	0	205869	0
19	0	233399	0
19	0	289095	0
19	0	297569	0
19	0	310532	0
19	0	321029	0
19	0	325831	0
19	0	327653	0
19	0	332541	0
19	0	346286	0
19	0	377861	0
19	0	394435	0
19	0	395498	0
19	0	481162	0
19	0	494243	0
19	0	557409	0
19	0	563367	0
19	0	577078	0
19	0	578912	0
19	0	584588	0
19	0	629741	0
19	0	633339	0
19	0	686506	0
19	0	688657	0
19	0	714499	0
19	0	7957	0
19	0	80675	0
2	0	242266	0
2	0	251101	0
2	0	267134	0
2	0	297949	0
2	0	340335	0
2	0	357446	0
2	0	360252	0
2	0	375572	0
2	0	379824	0
2	0	387450	0
2	0	498157	0
2	0	521743	0
2	0	548130	0
2	0	556914	0
2	0	568586	0
2	0	627763	0
2	0	643737	0
2	0	676888	0
2	0	676892	0
2	0	678926	0
2	0	681049	0
2	0	68624	0
2	0	712649	2
2	0	766388	0
2	0	81472	2
20	0	10931	0
20	0	124670	2
20	0	178155	2
20	0	180495	2
20	0	180500	2
20	0	185328	2
20	0	200560	2
20	0	209358	2
20	0	23323	0
20	0	273490	0
20	0	326970	0
20	0	336176	2
20	0	357491	2
20	0	363024	0
20	0	383217	0
20	0	428940	0
20	0	429975	2
20	0	479957	2
20	0	492824	0
20	0	501154	0
20	0	524708	2
20	0	525077	2
20	0	662099	0
20	0	662970	0
20	0	675147	0
20	0	714509	2
20	0	721394	2
20	0	738034	0
20	0	763414	0
20	0	779006	0
20	0	779550	0
20	0	95788	2
21	0	11347	0
21	0	140625	0
21	0	146786	0
21	0	149564	0
21	0	151214	0
21	0	161397	0
21	0	184000	0
21	0	250352	2
21	0	260351	0
21	0	275128	0
21	0	29068	0
21	0	295123	0
21	0	306648	0
21	0	318889	0
21	0	330941	0
21	0	335425	0
21	0	340443	0
21	0	360096	2
21	0	442793	0
21	0	481729	0
21	0	564931	0
21	0	584588	0
21	0	588144	0
21	0	592988	0
21	0	602551	0
21	0	645702	0
21	0	674543	0
21	0	67884	0
21	0	682089	0
21	0	6860	0
21	0	716299	0
21	0	728338	0
21	0	737311	0
21	0	743442	0
21	0	760712	0
21	0	773542	0
22	0	171958	0
22	0	178215	0
22	0	178245	0
22	0	239005	0
22	0	252280	0
22	0	263025	0
22	0	272693	0
22	0	276734	0
22	0	284007	0
22	0	312150	0
22	0	330711	0
22	0	340962	0
22	0	348368	0
22	0	382487	0
22	0	386058	0
22	0	39015	0
22	0	411235	0
22	0	46328	0
22	0	465652	0
22	0	473455	0
22	0	63056	0
22	0	637857	0
22	0	645777	0
22	0	6459	0
22	0	665982	0
22	0	690259	0
22	0	690299	0
22	0	731929	0
22	0	738694	0
23	0	109792	2
23	0	117046	2
23	0	123436	2
23	0	126234	2
23	0	154781	2
23	0	155200	2
23	0	16817	2
23	0	206231	2
23	0	323438	2
23	0	462821	1
23	0	528603	2
23	0	564549	2
23	0	572933	2
23	0	585118	2
23	0	585790	2
23	0	670651	2
23	0	703247	1
23	0	712524	1
23	0	734902	2
23	0	757033	2
24	0	106302	0
24	0	10931	0
24	0	118289	0
24	0	139589	0
24	0	157169	0
24	0	178155	0
24	0	180500	0
24	0	185328	0
24	0	209565	0
24	0	22499	0
24	0	23323	0
24	0	251058	0
24	0	272794	1
24	0	273490	0
24	0	300718	0
24	0	325129	0
24	0	326970	0
24	0	360267	0
24	0	360938	0
24	0	363024	0
24	0	383217	0
24	0	390401	0
24	0	399365	0
24	0	410652	0
24	0	429975	0
24	0	479957	0
24	0	493052	0
24	0	494243	0
24	0	501154	0
24	0	583411	0
24	0	61619	0
24	0	703590	1
24	0	712303	0
24	0	738034	0
24	0	776774	0
24	0	794198	1
25	0	114714	0
25	0	143945	0
25	0	149422	0
25	0	152331	0
25	0	166990	0
25	0	175891	0
25	0	178301	0
25	0	199000	0
25	0	259045	0
25	0	260351	0
25	0	275848	0
25	0	292666	0
25	0	294373	0
25	0	298924	0
25	0	318889	0
25	0	335425	0
25	0	397991	0
25	0	481729	0
25	0	529374	0
25	0	584588	0
25	0	592144	0
25	0	594196	0
25	0	618514	0
25	0	632504	0
25	0	63917	0
25	0	642996	0
25	0	676628	0
25	0	699485	0
25	0	714914	0
25	0	718663	0
25	0	718853	0
25	0	735501	0
25	0	738504	0
25	0	756851	0
25	0	87208	0
25	0	94277	0
26	0	107115	0
26	0	134298	0
26	0	154788	0
26	0	160315	0
26	0	285682	0
26	0	287463	0
26	0	313730	0
26	0	317881	0
26	0	338958	0
26	0	371585	0
26	0	395161	0
26	0	400098	0
26	0	400143	0
26	0	406379	0
26	0	437945	0
26	0	466478	0
26	0	551134	0
26	0	554729	0
26	0	56335	0
26	0	56336	0
26	0	581604	0
26	0	585242	2
26	0	587687	2
26	0	602924	0
26	0	616480	2
26	0	616486	2
26	0	625726	0
26	0	6526	0
26	0	653181	2
26	0	661332	2
26	0	661333	2
26	0	677705	0
26	0	702739	0
26	0	75171	2
26	0	775258	0
26	0	86203	0
27	0	148331	0
27	0	198762	0
27	0	241571	2
27	0	244380	0
27	0	251138	2
27	0	294168	0
27	0	333299	0
27	0	336839	0
27	0	352114	0
27	0	377401	0
27	0	383939	2
27	0	396549	2
27	0	396550	2
27	0	41139	0
27	0	416203	2
27	0	421488	0
27	0	445284	2
27	0	473975	2
27	0	477476	0
27	0	480009	2
27	0	488467	0
27	0	496018	2
27	0	498544	1
27	0	501555	2
27	0	502398	0
27	0	512127	2
27	0	532738	0
27	0	568311	0
27	0	569994	0
27	0	573207	2
27	0	573517	2
27	0	573940	0
27	0	574004	0
27	0	62391	1
27	0	624516	0
27	0	643523	0
27	0	7539	2
27	0	97067	0
28	0	14414	0
28	0	145133	2
28	0	145423	2
28	0	145473	2
28	0	148703	0
28	0	172633	0
28	0	225459	1
28	0	267836	0
28	0	283239	2
28	0	28633	0
28	0	292626	0
28	0	304937	0
28	0	309769	0
28	0	321065	0
28	0	341681	2
28	0	342734	0
28	0	353847	0
28	0	385347	2
28	0	388902	0
28	0	407684	0
28	0	408947	0
28	0	409138	0
28	0	450508	1
28	0	480498	0
28	0	489751	0
28	0	546519	0
28	0	550122	2
28	0	558147	2
28	0	566668	2
28	0	593734	0
28	0	604176	2
28	0	630942	0
28	0	670832	2
28	0	695116	2
28	0	695621	2
28	0	726649	0
28	0	737886	0
28	0	746920	2
28	0	76639	0
29	0	114714	0
29	0	118891	0
29	0	118892	0
29	0	152331	0
29	0	159064	0
29	0	160562	0
29	0	184508	0
29	0	187464	0
29	0	199545	0
29	0	20763	2
29	0	234934	0
29	0	260351	0
29	0	279674	2
29	0	29068	0
29	0	295123	0
29	0	297151	1
29	0	302703	0
29	0	329917	0
29	0	330120	1
29	0	335425	0
29	0	355422	0
29	0	359517	2
29	0	365595	0
29	0	420905	0
29	0	442793	0
29	0	457330	0
29	0	464419	0
29	0	481729	0
29	0	517614	0
29	0	564931	0
29	0	591946	0
29	0	592988	0
29	0	628503	0
29	0	6860	0
29	0	70101	0
29	0	716299	0
29	0	728338	0
29	0	78142	0
29	0	94277	0
29	0	94952	0
3	0	111404	2
3	0	116590	0
3	0	125406	0
3	0	133495	2
3	0	134247	0
3	0	159023	0
3	0	175073	2
3	0	181425	2
3	0	226594	0
3	0	247918	2
3	0	255173	0
3	0	280708	2
3	0	282564	2
3	0	307756	2
3	0	332472	0
3	0	362992	2
3	0	394435	2
3	0	394444	2
3	0	415442	0
3	0	481162	0
3	0	578912	2
3	0	584	2
3	0	584588	2
3	0	602556	0
3	0	649359	2
3	0	657507	0
3	0	677256	2
3	0	764793	0
3	0	7947	2
3	0	7957	2
3	0	87239	0
30	0	115498	0
30	0	119941	0
30	0	127126	0
30	0	132267	0
30	0	13531	0
30	0	137900	0
30	0	142749	0
30	0	1528	0
30	0	166304	0
30	0	175096	0
30	0	190638	0
30	0	211416	0
30	0	237592	0
30	0	24137	0
30	0	282408	0
30	0	286315	0
30	0	295371	0
30	0	296090	0
30	0	311915	0
30	0	341442	0
30	0	347015	0
30	0	350046	0
30	0	356697	0
30	0	434332	0
30	0	437190	0
30	0	469050	0
30	0	469220	0
30	0	477198	2
30	0	519763	0
30	0	522987	0
30	0	524975	0
30	0	529374	0
30	0	538928	0
30	0	559316	1
30	0	569171	0
30	0	606159	0
30	0	614993	1
30	0	616118	1
30	0	627353	0
30	0	637726	0
30	0	651840	0
30	0	667959	1
30	0	671229	0
30	0	717649	0
30	0	89468	2
4	0	106206	1
4	0	107001	2
4	0	112389	0
4	0	153073	1
4	0	195456	2
4	0	252631	0
4	0	301013	2
4	0	345432	1
4	0	349765	1
4	0	386120	0
4	0	425545	0
4	0	474036	0
4	0	545000	0
4	0	564549	1
4	0	588118	1
4	0	620161	0
4	0	687688	1
4	0	71022	0
4	0	721855	2
4	0	737488	1
5	0	178215	2
5	0	178245	2
5	0	239005	2
5	0	276734	2
5	0	292640	2
5	0	312150	2
5	0	319262	2
5	0	340962	2
5	0	473455	2
5	0	497838	2
5	0	576247	2
5	0	63056	2
5	0	645777	2
5	0	665982	2
5	0	690259	2
5	0	718826	2
5	0	739794	2
5	0	769811	2
5	0	776560	2
5	0	788313	2
6	0	107508	0
6	0	154731	0
6	0	178281	2
6	0	23783	0
6	0	255091	0
6	0	291272	0
6	0	324967	0
6	0	328736	2
6	0	332605	0
6	0	33551	0
6	0	374813	0
6	0	376744	0
6	0	379137	0
6	0	379149	0
6	0	433042	0
6	0	439015	0
6	0	449145	0
6	0	466107	0
6	0	474159	0
6	0	480212	0
6	0	483163	0
6	0	49534	0
6	0	502989	0
6	0	508181	0
6	0	530517	0
6	0	558547	0
6	0	579340	0
6	0	604636	1
6	0	641475	0
6	0	642767	0
6	0	653891	0
6	0	653932	0
6	0	655664	0
6	0	659260	0
6	0	701062	0
6	0	739100	0
6	0	773157	0
6	0	8529	0
7	0	12565	0
7	0	1444	0
7	0	144786	0
7	0	16963	0
7	0	22171	0
7	0	255091	0
7	0	259794	1
7	0	263077	0
7	0	267935	0
7	0	277478	0
7	0	307756	0
7	0	332605	0
7	0	378339	0
7	0	417474	0
7	0	435725	0
7	0	477691	0
7	0	514607	0
7	0	701536	1
7	0	723917	0
7	0	8953	0
8	0	147908	0
8	0	158201	1
8	0	180608	1
8	0	243109	1
8	0	247923	1
8	0	252624	0
8	0	261513	0
8	0	26328	1
8	0	297949	0
8	0	300737	1
8	0	309791	1
8	0	311962	1
8	0	330114	0
8	0	339236	1
8	0	340335	0
8	0	360252	0
8	0	360265	1
8	0	372068	1
8	0	377655	0
8	0	379824	0
8	0	390926	1
8	0	404873	1
8	0	420319	1
8	0	475200	1
8	0	498157	0
8	0	521743	0
8	0	548130	0
8	0	556914	0
8	0	568586	0
8	0	58271	1
8	0	643737	0
8	0	676888	0
8	0	678926	0
8	0	681049	0
8	0	68624	0
8	0	697136	0
8	0	703688	1
8	0	704042	1
8	0	712649	1
8	0	81472	1
9	0	104628	0
9	0	175118	0
9	0	216609	0
9	0	226199	0
9	0	233483	0
9	0	239800	0
9	0	267131	0
9	0	30217	0
9	0	304969	0
9	0	310547	0
9	0	348287	0
9	0	357462	0
9	0	374851	0
9	0	397965	0
9	0	407778	0
9	0	443463	0
9	0	482159	0
9	0	548160	0
9	0	661725	0
9	0	731116	0